6.29 
6.30 
6.28 
6.29 
6.29 
6.29 
5.03 
5.68 
6.28 
6.30 
6.29 
6.28 
6.30 
6.29 
6.28 
6.30 
6.29 
6.29 
6.29 
6.28 
6.30 
6.29 
6.29 
6.29 
6.29 
6.29 
6.29 
6.29 
6.29 
6.28 
6.23 
 106 
 106 
 106 
 106 
 106 
 106 
 106 
 106 
 106 
 106 
 106 
94.1 
 106 
 106 
 106 
 106 
 106 
 106 
 106 
 106 
 106 
 106 
 106 
94.1 
 106 
 106 
 106 
 106 
 106 
 106 
 105 
1.06 
1.05 
1.05 
1.05 
1.05 
1.06 
1.05 
1.05 
1.05 
1.05 
1.05 
1.05 
1.06 
1.05 
1.05 
1.05 
1.05 
1.05 
1.06 
1.05 
1.05 
1.05 
1.05 
1.05 
1.06 
1.05 
1.05 
1.05 
1.05 
1.05 
1.05 
2.11 
2.09 
2.11 
2.09 
2.09 
2.11 
2.09 
2.09 
2.09 
2.11 
2.09 
2.11 
2.09 
2.09 
2.11 
2.09 
2.09 
2.09 
2.11 
2.09 
2.09 
2.11 
2.09 
2.09 
2.11 
2.09 
2.09 
2.11 
2.09 
2.09 
2.10 
3.15 
3.15 
3.14 
3.14 
3.15 
3.14 
3.15 
3.14 
3.15 
3.15 
3.14 
3.15 
3.14 
3.14 
3.15 
3.14 
3.15 
3.14 
3.15 
3.14 
3.15 
3.14 
3.15 
3.14 
3.15 
3.15 
3.14 
3.14 
3.15 
3.14 
3.15 
4.20 
4.20 
4.19 
4.20 
4.20 
4.19 
4.20 
4.20 
4.19 
4.20 
4.19 
4.20 
4.20 
4.20 
4.19 
4.20 
4.19 
4.20 
4.20 
4.19 
4.20 
4.20 
4.20 
4.19 
4.20 
4.19 
4.20 
4.20 
4.20 
4.19 
4.19 
5.24 
5.24 
5.24 
5.24 
5.24 
5.23 
5.24 
5.23 
5.26 
5.24 
5.23 
5.24 
5.24 
2.65 
3.89 
5.24 
5.23 
5.26 
5.23 
5.24 
5.24 
5.24 
5.23 
5.26 
5.23 
5.24 
5.24 
5.23 
5.24 
5.26 
5.11 
6.29 
6.29 
6.29 
6.29 
6.29 
6.29 
6.29 
6.30 
6.28 
6.30 
6.28 
6.29 
6.29 
6.29 
6.29 
6.29 
6.29 
6.29 
2.26 
5.05 
6.29 
6.29 
6.29 
6.29 
6.30 
6.28 
6.29 
6.29 
6.29 
6.23 
6.11 
7.34 
7.34 
7.34 
7.35 
7.34 
7.33 
7.35 
 447 
4.68 
7.67 
7.35 
7.34 
7.34 
7.34 
7.35 
7.34 
7.33 
7.35 
7.34 
7.35 
7.33 
7.34 
7.35 
7.34 
7.33 
7.35 
7.34 
7.34 
7.35 
7.33 
7.03 
8.07 
7.77 
7.79 
7.77 
7.77 
7.79 
7.77 
7.77 
7.79 
7.77 
7.77 
7.79 
7.79 
7.77 
7.77 
7.79 
7.77 
7.77 
7.79 
2.66 
3.30 
7.79 
7.77 
7.79 
7.77 
7.77 
7.79 
7.77 
7.77 
7.79 
7.51 
8.31 
7.79 
7.76 
7.79 
7.79 
7.77 
7.77 
7.79 
7.77 
7.79 
7.77 
7.77 
7.79 
7.77 
7.77 
7.79 
7.77 
7.77 
7.79 
7.77 
7.79 
7.77 
7.77 
7.79 
7.77 
7.77 
7.79 
7.77 
4.57 
 635 
7.46 
8.30 
7.79 
7.79 
7.77 
7.77 
7.79 
7.77 
7.77 
7.79 
7.77 
7.79 
7.77 
7.77 
7.79 
7.77 
7.77 
7.79 
7.77 
7.79 
7.77 
7.77 
7.79 
7.77 
7.77 
7.79 
7.77 
7.77 
7.79 
7.77 
7.77 
7.77 
7.79 
